22017
50013
35061
02056
42302
17066
17050
28041
42302
46103
17050
31201
17073
23084
42403
42407
35048
46095
49034
11011
12165
46081
11009
02056
39068
37170
30032
30046
30041
49031
39046
12165
13078
02056
12151
45087
12165
30032
49030
28041
28041
46081
31201
25066
46103
46107
46106
49032
42338
42392
27023
46107
30047
37179
37135
02038
46103
47018
39068
50011
23082
37170
42312
42312
42312
42312
46080
03076
35061
42312
11009
31201
25065
42283
35074
46095
46081
28041
46080
45077
37198
36107
02037
02038
02038
27016
39046
12151
46100
31201
46093
10112
46093
13078
45087
12162
25067
22017
31201
28041
31201
30041
49025
